
1659517050
97828
21316689
4685569
28883667
1219750
6479
10772736
10349128
53712
2456
63002934
904
27725
10093504
444
1480
52299
1404
3200
2297911
13775832
413686
282842410
27658973736
307442
4472775
1306
61001050
82432532
17789
361
266697
2691
229255550
3306471
1039
1108143400
214620
5857596
8534
2219399700
4724
6911
350000
2342957505
158331
21787920
228460145
13623952
138673080
28392
968240
25557120
1475720
364450
97504
56
68343456
110400
179898
3441866
77968009736
15472406400
722223
70342
31025296
1344960
329843745
13144560
7265904
71005945
199739749
29992246
799462
120995640
5775
43092
18564780
398391
402909
1628618400
790231860
3078562
183
3668
14549474087
13198077
4939350532
10746410
59054
7787807
284154
332021340
4794148800
25567104
2005947358
1119093
18932659200
129319250
222639
101223
1859305
1220
450
1131489584
11295907
1710
241818720
826
418672800
32138504
67979828
4399
10035194832
11773248
2076882060
2059532
41760
8043173
8766468
1340432800
23243449641
2064
8265915
593
577278
70490
7811160
1412313084
233
96373560
66363
851316
23923291
415982
21509522
504918
104004
1438551730
24129135
45117
102822123
11742805285
2677994
135241
812738
8561
201633635
13042
26124280
247908
32938
1124430
3571500
184768137
16420444
27946032
1852556199
784044
423915030
3431160
318748
84778
29686
25121
4703227
129456
132300
1020957
5411863
823472
44720
389719
41440
502018
206016
2509682
54308170
101824
6360
124145392
5654404
217229865
16337908
2351166
12195460
6310362
3144694409
114054736
8070104014
1509840
142040
3568670
1082
92393352
743
5975724
6405181
22325
1642568940
11951
346365
17294
1849
19692
5096
1694
304
50007
35246640
81
30438
44352
2089
6755
156366
9757918
9261
4967
127
7980159500
407641
1793389
55901976918
184649
542470680
4386816
558623360
6900
5263
432976
1060920
183084
1769
296056
327571200
14859684
1317
956
2986
7916400
83867652
476676
591226704
6404580000
91509075
118089
93806
13218090
338765495
43
5080
65229
51466
99879070
6825076
3759866880
4157865
18750438
1884
25551
4262304
